0: [57, 22, 61, 21, 7, 89]
1: [7, 2, 80, 65, 85, 4, 61]
2: [76, 24, 11, 47, 99, 96, 74, 6, 41]
3: [96, 76, 69]
4: [64, 56]
5: [53, 21, 1, 99, 46, 55, 49]
6: [38, 49, 58, 29, 87]
7: [88, 66, 31, 62, 56, 75]
8: [94, 68, 98]
9: [80, 61, 99, 58, 17, 45, 33, 72, 93, 63]
10: [83, 52, 54, 37, 87, 97, 74]
11: [57, 61, 90]
12: [94]
13: [68, 74]
14: [79, 55, 77, 89, 63, 87, 15, 12]
15: [7]
16: [85]
17: [63, 72, 61]
18: [67, 95, 31, 90, 2, 5]
19: [85, 28, 84, 49, 92, 59, 8, 0, 77]
20: [5, 29, 44, 12, 41, 4, 33]
21: [20, 16, 73, 45, 62, 67, 42]
22: [16, 49]
23: [72, 40, 34, 60, 70, 44, 0]
24: [43, 71, 51, 92, 40, 39, 57, 86]
25: [51, 61, 15, 92, 34, 64]
26: [80, 6, 83]
27: [64, 89, 6, 25, 12, 72, 56]
28: [99, 57]
29: [63, 68, 32, 91, 99, 41, 73, 74, 95, 93]
30: [4, 11]
31: [5]
32: [86, 8, 44, 50, 30, 81, 7, 69, 21, 64]
33: [81]
34: [48, 87, 19, 77, 49, 76, 25, 10, 97, 56]
35: [49, 68, 75, 5, 98, 31]
36: [96, 61, 30, 4, 92, 12, 34]
37: [75, 1, 33, 50, 62, 76, 82, 28, 73]
38: [16, 81, 88, 10]
39: [92, 97, 98, 63, 36, 94, 40, 14, 86, 93]
40: [83, 11, 61, 86, 50]
41: [49, 15, 85, 19, 68, 34, 69]
42: [49, 3, 12, 68, 4, 63, 0, 84]
43: [14, 97, 17, 39, 89]
44: [77, 13]
45: [68, 95, 24]
46: [55, 0]
47: [83, 8, 96, 21, 23, 70, 29]
48: [40, 28, 55, 70, 90, 93, 98]
49: [6, 95, 31, 82, 38, 76, 16, 68, 87, 83]
50: [98]
51: [91, 59, 54, 10, 98, 56, 31]
52: [74, 57, 5, 82, 32, 61, 58, 47, 24, 23]
53: [15, 95, 75, 71]
54: [93, 99, 92, 29, 55, 72, 43]
55: [5]
56: [76, 69, 37, 92, 17, 49, 59, 55]
57: [7, 33, 17, 93, 34, 54]
58: [20, 98, 31, 76, 96]
59: [13]
60: [9, 61, 95, 51]
61: [24, 52, 85, 87, 78, 35, 65, 50]
62: [35, 41, 42]
63: [22, 45, 55, 35, 7, 4, 70, 56]
64: [41]
65: [80, 14, 9, 46, 72]
66: [35, 51, 39, 44, 53, 54, 22]
67: [68, 69, 71, 74, 30, 79, 92, 31, 52, 1]
68: [72, 39, 14, 21]
69: [97]
70: [60, 56, 35, 48, 65, 55, 9]
71: [93, 80, 87]
72: [5, 12, 13, 21, 38]
73: [99, 13, 77, 26]
74: [10, 5, 69, 60, 66, 70, 97, 20]
75: [40, 77, 28, 0, 87, 48]
76: [79, 91, 71, 34, 82, 31, 53, 96]
77: [22, 48, 86, 33, 39]
78: [95, 51, 17, 46, 32, 4, 53, 43, 25, 71]
79: [18, 8, 89, 64, 66, 72]
80: [40, 90, 70, 53, 66]
81: [70, 82, 44, 43, 32, 67, 27, 4, 37]
82: [66, 28, 88, 39, 12, 27, 4, 20, 71, 51]
83: [48, 21, 82, 50, 41, 72]
84: [50, 24, 3, 56, 32, 94, 34, 63, 59, 13]
85: [39, 80, 8]
86: [52, 43, 53, 57, 37]
87: [21, 28]
88: [16]
89: [96, 35, 33, 81, 16, 75, 43, 53, 41, 10]
90: [29]
91: [14, 47, 18, 81, 51, 55]
92: [79, 16, 94, 26, 77, 32, 15, 70, 68]
93: [42, 30, 71, 37, 75, 38, 25, 1]
94: [59, 7, 24, 43, 64, 66, 29, 98]
95: [76, 82]
96: [69, 34, 67, 78, 53, 97, 22, 70, 40]
97: [23, 21, 6, 71, 57, 43, 12, 37, 10, 83]
98: [92, 77, 34, 49, 13, 50]
99: [95, 23, 7, 17, 86, 32]
